23336.00 22574.05 22173.27 21452.83 20868.14 20400.00 20031.51 19741.14 19469.64 19435.17 19476.30 19613.78 19759.65 19900.89 20038.86 20109.72 20228.62 20219.64 20216.49 20259.49 20363.36 20561.67 20811.57 21179.00 
28928.70 27897.00 26818.10 25852.12 25065.38 24414.77 23897.39 23505.59 23120.21 22901.23 22899.69 23028.75 23169.28 23305.49 23442.73 23510.65 23521.31 23512.72 23518.48 23618.04 23821.15 24095.74 24360.59 24549.70 
28681.40 27571.15 26607.27 25803.55 25208.94 24799.75 24636.14 24986.81 25626.54 26386.90 27154.46 27865.27 28463.38 28966.94 29290.29 29510.54 29711.42 29911.01 30113.93 30343.29 30618.20 30877.97 31032.63 31083.80 
32292.90 30843.75 29683.87 28773.90 28071.12 27564.72 27289.63 27472.15 27995.79 28672.41 29379.32 30035.46 30571.27 31006.04 31262.05 31411.92 31543.69 31666.82 31832.04 32078.29 32364.75 32594.61 32713.39 32761.46 
32513.20 31038.30 29852.23 28930.17 28219.52 27702.85 27421.10 27598.45 28133.72 28820.30 29538.13 30201.57 30748.18 31191.76 31447.63 31604.53 31746.63 31879.04 32060.05 32318.51 32617.21 32861.16 32989.57 33038.88 
31367.00 30178.40 29131.33 28262.30 27607.16 27125.27 26865.20 27076.10 27602.17 28238.09 28886.25 29472.31 29942.83 30319.81 30534.23 30651.44 30751.81 30843.26 30954.55 31127.44 31336.37 31526.59 31623.63 31653.12 
31425.20 30049.70 28877.40 27810.20 26936.10 26224.97 25645.20 25205.38 24852.83 24653.13 24707.01 24896.86 25099.76 25281.74 25444.41 25527.33 25555.82 25561.33 25610.28 25797.83 26051.44 26341.50 26591.47 26772.63 
31498.20 30166.85 28932.53 27840.28 26958.42 26245.05 25667.51 25238.91 24904.23 24746.88 24846.95 25072.92 25296.07 25493.67 25665.57 25748.88 25780.18 25788.79 25844.55 26047.69 26314.00 26593.74 26823.15 26992.82 
31768.80 30297.50 29163.67 28299.12 27608.16 27123.97 26887.46 27145.89 27850.04 28650.64 29465.14 30201.06 30814.52 31326.93 31644.34 31857.76 32055.78 32249.99 32490.29 32827.50 33155.02 33420.89 33562.87 33613.52 
33349.50 31847.55 30615.43 29700.50 28977.12 28461.68 28175.00 28368.39 29025.92 29761.43 30499.15 31165.50 31702.40 32133.79 32367.86 32519.76 32659.88 32803.16 33015.13 33345.38 33655.33 33904.87 34039.47 34080.95 
33461.20 31974.05 30734.03 29805.62 29091.48 28571.77 28279.40 28468.70 29128.07 29865.49 30604.57 31271.68 31802.52 32225.74 32454.83 32601.56 32738.04 32878.92 33089.80 33423.32 33730.89 33982.20 34120.93 34167.85 
33458.90 31944.80 30699.87 29782.58 29057.46 28534.33 28244.31 28437.26 29095.71 29827.99 30556.70 31213.91 31740.70 32160.32 32383.43 32524.06 32651.86 32780.97 32985.10 33305.32 33604.73 33844.07 33973.05 34013.21 
33532.90 32000.90 30742.10 29809.97 29078.80 28556.82 28261.90 28449.96 29101.67 29826.16 30547.38 31192.89 31707.44 32114.19 32329.46 32458.46 32573.85 32691.87 32881.47 33192.42 33482.22 33713.24 33836.90 33874.79 
32641.60 31436.65 30228.37 29192.83 28334.36 27656.22 27099.16 26775.04 26615.36 26668.62 26974.26 27353.96 27680.60 27948.00 28133.61 28210.62 28231.22 28232.52 28263.83 28416.86 28627.87 28856.20 29022.92 29131.65 
31566.60 30247.00 29025.33 27946.95 27079.52 26374.65 25799.69 25389.56 25073.86 24950.69 25080.50 25326.03 25559.68 25763.64 25928.62 26004.00 26030.22 26035.71 26089.53 26281.17 26541.99 26815.43 27036.11 27194.99 
31967.20 30461.10 29313.80 28450.58 27760.78 27268.82 27022.91 27277.83 27987.86 28791.47 29605.64 30336.69 30945.31 31449.00 31757.79 31965.83 32158.50 32349.17 32590.49 32933.43 33261.06 33528.47 33672.85 33722.52 
33349.50 31847.55 30615.43 29700.50 28977.12 28461.68 28175.00 28368.39 29025.92 29761.43 30499.15 31165.50 31702.40 32133.79 32367.86 32519.76 32659.88 32803.16 33015.13 33345.38 33655.33 33904.87 34039.47 34080.95 
33349.50 31847.55 30615.43 29700.50 28977.12 28461.68 28175.00 28368.39 29025.92 29761.43 30499.15 31165.50 31702.40 32133.79 32367.86 32519.76 32659.88 32803.16 33015.13 33345.38 33655.33 33904.87 34039.47 34080.95 
33458.90 31944.80 30699.87 29782.58 29057.46 28534.33 28244.31 28437.26 29095.71 29827.99 30556.70 31213.91 31740.70 32160.32 32383.43 32524.06 32651.86 32780.97 32985.10 33305.32 33604.73 33844.07 33973.05 34013.21 
32513.90 31030.60 29835.57 28913.25 28221.14 27710.50 27436.17 27617.80 28160.04 28838.18 29532.53 30172.27 30682.81 31090.39 31317.61 31445.08 31549.18 31643.28 31793.85 32035.53 32298.47 32504.65 32611.81 32658.47 
32047.70 30950.60 29768.80 28743.42 27890.42 27219.92 26658.24 26310.01 26112.53 26134.46 26409.72 26754.63 27047.58 27289.66 27453.59 27512.31 27515.54 27498.47 27505.97 27621.60 27811.50 28039.18 28213.63 28326.38 
30962.10 29707.75 28510.67 27439.45 26569.02 25865.67 25296.59 24864.30 24499.42 24283.45 24323.63 24508.83 24700.51 24880.91 25050.98 25147.33 25186.74 25202.89 25262.63 25459.47 25722.18 26017.33 26274.87 26465.83 
31202.50 29772.40 28635.43 27779.45 27109.90 26641.82 26427.66 26698.70 27374.76 28162.93 28972.92 29711.94 30334.00 30857.36 31186.68 31404.92 31607.02 31798.90 32018.27 32315.13 32641.30 32906.21 33042.94 33091.42 
33458.40 31935.60 30703.73 29784.00 29069.96 28548.00 28257.96 28443.28 29095.56 29829.13 30569.58 31237.36 31775.52 32208.31 32447.35 32601.03 32742.15 32887.00 33098.07 33432.51 33740.61 33991.26 34127.87 34172.67 
33889.30 32325.10 31109.90 30180.55 29469.56 28951.50 28656.96 28840.29 29498.76 30248.67 31010.72 31703.57 32259.11 32704.76 32968.21 33135.82 33291.95 33450.96 33667.39 34009.11 34317.38 34565.05 34699.30 34743.97 
34035.40 32457.15 31200.57 30264.38 29562.00 29038.77 28750.31 28944.90 29611.68 30386.54 31201.46 31946.67 32561.62 33069.57 33387.15 33597.82 33794.05 33989.56 34224.89 34579.34 34898.01 35150.93 35287.98 35333.99 
34035.40 32457.15 31200.57 30264.38 29562.00 29038.77 28750.31 28944.90 29611.68 30386.54 31201.46 31946.67 32561.62 33069.57 33387.15 33597.82 33794.05 33989.56 34224.89 34579.34 34898.01 35150.93 35287.98 35333.99 
33690.50 32153.65 30875.40 29830.88 29027.66 28421.80 28010.19 27979.34 28239.63 28683.74 29246.87 29808.04 30264.31 30626.58 30840.52 30950.59 31023.66 31081.99 31202.28 31428.62 31663.35 31864.84 31986.44 32054.45 
33013.90 31677.10 30383.77 29289.65 28393.10 27675.47 27075.06 26662.83 26393.66 26339.85 26561.89 26888.80 27185.60 27433.48 27625.49 27711.98 27740.98 27746.83 27791.67 27983.03 28227.05 28477.54 28668.84 28801.28 
34035.40 32457.15 31200.57 30264.38 29562.00 29038.77 28750.31 28944.90 29611.68 30386.54 31201.46 31946.67 32561.62 33069.57 33387.15 33597.82 33794.05 33989.56 34224.89 34579.34 34898.01 35150.93 35287.98 35333.99 
34121.30 32510.05 31251.70 30304.35 29593.00 29064.97 28775.60 28963.71 29633.19 30408.60 31223.38 31965.13 32576.04 33078.75 33395.85 33604.25 33798.19 33993.93 34230.03 34585.19 34904.76 35157.98 35295.09 35339.98 
34143.70 32555.80 31329.03 30390.42 29678.24 29146.60 28848.51 29032.28 29692.43 30451.66 31242.29 31963.33 32554.85 33039.04 33335.08 33528.65 33709.55 33891.27 34118.97 34467.81 34782.04 35031.20 35164.58 35209.51 
33736.10 32203.90 30968.87 30041.70 29337.72 28819.43 28528.61 28715.00 29373.12 30117.21 30874.55 31563.31 32113.15 32551.50 32806.09 32967.36 33117.92 33271.19 33482.86 33819.47 34126.35 34374.23 34507.67 34553.81 
33736.10 32203.90 30968.87 30041.70 29337.72 28819.43 28528.61 28715.00 29373.12 30117.21 30874.55 31563.31 32113.15 32551.50 32806.09 32967.36 33117.92 33271.19 33482.86 33819.47 34126.35 34374.23 34507.67 34553.81 
32905.60 31613.30 30397.87 29380.30 28581.36 27960.53 27493.26 27361.40 27434.13 27685.60 28114.01 28590.77 28995.75 29324.99 29547.65 29666.83 29742.79 29803.21 29897.86 30087.35 30296.71 30519.47 30675.23 30759.58 
32229.60 30931.45 29672.20 28583.40 27681.12 26965.62 26367.31 25935.86 25642.30 25534.78 25693.63 25960.92 26203.96 26411.62 26572.09 26640.38 26657.75 26657.94 26710.48 26910.56 27167.50 27435.07 27646.67 27802.26 
32108.00 30620.35 29431.20 28557.10 27866.52 27366.65 27122.00 27375.29 28100.82 28906.66 29724.05 30458.12 31061.12 31557.82 31855.36 32057.09 32244.79 32429.29 32669.65 33023.39 33348.75 33610.09 33751.53 33800.70 
33349.50 31847.55 30615.43 29700.50 28977.12 28461.68 28175.00 28368.39 29025.92 29761.43 30499.15 31165.50 31702.40 32133.79 32367.86 32519.76 32659.88 32803.16 33015.13 33345.38 33655.33 33904.87 34039.47 34080.95 
33458.90 31944.80 30699.87 29782.58 29057.46 28534.33 28244.31 28437.26 29095.71 29827.99 30556.70 31213.91 31740.70 32160.32 32383.43 32524.06 32651.86 32780.97 32985.10 33305.32 33604.73 33844.07 33973.05 34013.21 
33349.50 31847.55 30615.43 29700.50 28977.12 28461.68 28175.00 28368.39 29025.92 29761.43 30499.15 31165.50 31702.40 32133.79 32367.86 32519.76 32659.88 32803.16 33015.13 33345.38 33655.33 33904.87 34039.47 34080.95 
32258.30 30791.60 29619.83 28708.35 28018.70 27513.48 27246.80 27430.16 27966.06 28637.25 29327.86 29965.96 30476.56 30885.89 31115.48 31244.19 31353.08 31452.08 31600.37 31838.46 32103.71 32313.11 32419.28 32464.45 
31813.60 30763.25 29612.57 28612.88 27781.10 27127.42 26582.29 26259.28 26078.48 26136.68 26441.06 26800.74 27101.04 27343.45 27496.53 27543.18 27536.97 27511.64 27510.26 27602.39 27782.61 28001.10 28164.58 28265.92 
29883.00 28841.70 27814.30 26838.47 26017.12 25343.20 24795.19 24392.14 24028.67 23802.20 23823.95 23979.62 24144.95 24303.14 24455.89 24539.18 24563.34 24565.37 24584.17 24696.38 24887.95 25165.99 25428.62 25619.79 
28713.00 27422.20 26414.23 25591.65 25012.26 24614.08 24471.06 24838.89 25490.71 26254.15 27015.46 27713.88 28297.63 28785.70 29098.15 29296.64 29473.65 29647.23 29827.82 30059.97 30380.09 30642.29 30784.69 30837.00 
31390.50 30067.35 28958.50 28099.85 27448.64 26989.32 26765.27 26995.58 27577.02 28264.98 28956.81 29586.08 30094.20 30505.80 30740.87 30875.99 30995.74 31103.63 31233.37 31451.86 31725.94 31937.68 32039.88 32076.42 
30689.10 29456.65 28396.13 27570.65 26955.90 26514.82 26312.06 26580.70 27155.90 27837.17 28503.22 29098.94 29581.72 29975.28 30201.99 30326.97 30439.06 30543.97 30660.65 30847.88 31117.97 31332.39 31433.79 31463.40 
30689.10 29456.65 28396.13 27570.65 26955.90 26514.82 26312.06 26580.70 27155.90 27837.17 28503.22 29098.94 29581.72 29975.28 30201.99 30326.97 30439.06 30543.97 30660.65 30847.88 31117.97 31332.39 31433.79 31463.40 
30479.20 29240.00 28183.70 27345.85 26737.06 26300.43 26100.10 26372.26 26906.89 27549.55 28182.71 28745.80 29203.95 29573.59 29788.43 29909.40 30004.19 30090.31 30186.84 30343.90 30607.17 30819.35 30925.24 30964.04 
31438.10 30409.65 29278.00 28291.50 27475.60 26833.87 26305.81 25992.14 25808.92 25875.24 26182.05 26543.20 26845.49 27092.81 27248.78 27295.69 27287.10 27258.07 27248.84 27324.23 27502.35 27720.02 27881.40 27980.97 
29219.70 28149.65 27120.00 26173.25 25397.62 24764.10 24251.36 23882.08 23525.31 23327.45 23356.27 23517.45 23686.48 23845.39 24003.53 24089.49 24113.75 24111.64 24112.12 24190.90 24379.35 24655.41 24917.18 25100.99 
28737.10 27611.80 26632.13 25820.05 25229.40 24828.33 24677.39 25031.25 25678.06 26446.00 27223.18 27942.65 28550.06 29060.63 29391.13 29616.35 29819.32 30018.93 30220.81 30453.21 30746.58 31015.59 31169.12 31221.78 
31585.40 30319.00 29213.20 28361.12 27699.20 27219.57 26970.40 27170.44 27692.29 28371.66 29087.68 29758.99 30318.36 30779.98 31066.35 31245.56 31411.53 31568.28 31754.52 31988.24 32279.55 32532.87 32670.13 32719.06 
32135.00 30708.65 29561.97 28667.83 27982.20 27485.30 27223.94 27411.79 27925.58 28601.43 29308.33 29965.72 30508.52 30953.01 31217.13 31375.95 31513.62 31641.64 31807.34 32037.05 32325.05 32558.70 32680.06 32728.91 
32089.70 30681.05 29527.07 28623.55 27941.82 27437.90 27181.13 27367.35 27886.74 28561.41 29264.42 29917.80 30450.24 30884.90 31137.49 31287.82 31417.54 31534.89 31693.97 31923.99 32205.74 32428.86 32545.30 32594.23 
31298.00 29988.90 28909.47 28045.95 27406.26 26956.93 26738.09 26979.35 27543.71 28225.50 28902.71 29516.03 30013.52 30418.72 30648.65 30781.78 30896.45 31000.24 31122.11 31315.12 31580.37 31787.32 31884.68 31916.32 
31438.10 30409.65 29278.00 28291.50 27475.60 26833.87 26305.81 25992.14 25808.92 25875.24 26182.05 26543.20 26845.49 27092.81 27248.78 27295.69 27287.10 27258.07 27248.84 27324.23 27502.35 27720.02 27881.40 27980.97 
29219.70 28149.65 27120.00 26173.25 25397.62 24764.10 24251.36 23882.08 23525.31 23327.45 23356.27 23517.45 23686.48 23845.39 24003.53 24089.49 24113.75 24111.64 24112.12 24190.90 24379.35 24655.41 24917.18 25100.99 
29398.30 28092.30 27071.50 26243.47 25649.18 25238.82 25081.97 25426.03 26040.28 26759.70 27460.57 28098.97 28629.87 29072.39 29344.89 29512.89 29661.26 29803.22 29942.65 30125.85 30430.13 30682.49 30812.34 30848.69 
30689.10 29456.65 28396.13 27570.65 26955.90 26514.82 26312.06 26580.70 27155.90 27837.17 28503.22 29098.94 29581.72 29975.28 30201.99 30326.97 30439.06 30543.97 30660.65 30847.88 31117.97 31332.39 31433.79 31463.40 
30157.60 28945.95 27907.40 27087.42 26496.88 26071.88 25881.93 26168.46 26698.87 27339.92 27970.44 28538.42 29005.99 29389.56 29618.70 29747.90 29853.01 29948.91 30049.38 30197.87 30466.32 30688.31 30800.89 30840.61 
30028.10 28745.50 27720.17 26899.72 26306.02 25877.95 25695.56 25994.85 26543.97 27199.47 27842.56 28423.45 28896.71 29284.91 29514.28 29643.73 29749.68 29847.90 29951.74 30106.22 30381.00 30608.65 30725.21 30766.90 
30088.80 28866.90 27830.37 27007.08 26407.44 25976.45 25786.26 26075.47 26601.82 27238.33 27868.14 28444.28 28915.53 29304.94 29534.32 29666.08 29774.49 29875.72 29980.33 30123.76 30377.30 30596.68 30716.97 30755.79 
30182.80 29264.45 28247.17 27322.10 26601.20 26023.47 25544.53 25270.99 25106.63 25202.92 25741.56 26115.83 26436.20 26700.89 26875.66 26930.72 26929.67 27106.68 27090.67 27140.51 27298.27 27508.35 27672.93 27769.13 
28649.30 27576.75 26481.00 25522.42 24768.74 24160.40 23674.23 23309.45 22950.11 22742.42 22785.29 22948.17 23112.24 23264.01 23411.40 23488.45 23521.31 23512.72 23518.48 23618.04 23821.15 24095.74 24360.59 24549.70 
27268.90 26178.40 25283.90 24591.70 24104.82 23761.50 23647.67 24000.72 24601.08 25336.10 26068.11 26744.74 27330.75 27817.72 28147.53 28370.42 28582.29 28784.80 28975.12 29126.41 29357.84 29594.31 29763.65 29813.29 
29531.20 28288.55 27283.90 26451.25 25873.78 25471.57 25305.86 25644.19 26262.63 26993.04 27709.65 28361.70 28901.61 29347.81 29622.25 29790.92 29940.84 30083.83 30227.50 30424.26 30724.08 30967.61 31091.47 31127.38 
30243.20 29015.25 27970.83 27154.92 26566.54 26149.93 25971.01 26267.85 26832.50 27515.45 28179.93 28780.31 29281.22 29694.15 29939.56 30081.56 30208.00 30326.96 30450.33 30622.78 30903.89 31128.25 31237.43 31265.12 
29776.20 28555.55 27536.37 26716.33 26133.82 25727.58 25567.69 25885.05 26449.74 27132.87 27797.57 28400.66 28906.22 29326.05 29583.79 29737.44 29871.09 29997.71 30121.71 30283.51 30572.30 30807.91 30925.93 30958.93 
30446.40 29203.85 28159.83 27336.45 26739.16 26315.23 26133.64 26419.95 26975.74 27656.19 28320.39 28915.18 29403.32 29806.85 30043.47 30176.67 30296.91 30406.09 30522.15 30689.57 30965.23 31185.34 31293.23 31324.16 
31060.90 30107.50 28998.37 28033.60 27237.46 26610.83 26096.44 25797.22 25611.44 25687.91 26000.89 26365.76 26676.03 26930.59 27092.95 27141.14 27134.65 27106.68 27090.67 27140.51 27298.27 27508.35 27672.93 27769.13 
28916.20 27900.20 26812.47 25853.17 25076.24 24443.93 23940.53 23575.54 23206.69 23015.58 23046.50 23203.75 23362.66 23512.59 23660.66 23736.11 23751.71 23743.36 23737.99 23813.48 23996.28 24264.26 24528.12 24713.47 
28579.00 27364.05 26389.23 25580.17 25011.50 24618.43 24478.01 24855.51 25507.02 26269.56 27017.27 27708.92 28288.08 28774.20 29083.59 29282.04 29462.61 29636.19 29802.21 30010.36 30309.53 30567.18 30710.12 30753.47 
29936.40 28685.10 27665.83 26843.90 26258.94 25857.42 25692.09 26005.21 26563.30 27244.34 27910.38 28508.56 29001.38 29408.74 29655.86 29801.27 29928.38 30045.44 30161.12 30314.92 30599.75 30833.43 30951.26 30985.24 
30245.90 28993.75 27931.67 27102.55 26504.46 26094.15 25920.17 26221.03 26769.01 27438.10 28090.12 28675.22 29158.32 29558.18 29796.46 29934.63 30055.05 30164.61 30276.40 30429.83 30709.11 30936.00 31049.53 31081.08 
30157.60 28945.95 27907.40 27087.42 26496.88 26071.88 25881.93 26168.46 26698.87 27339.92 27970.44 28538.42 29005.99 29389.56 29618.70 29747.90 29853.01 29948.91 30049.38 30197.87 30466.32 30688.31 30800.89 30840.61 
30157.60 28945.95 27907.40 27087.42 26496.88 26071.88 25881.93 26168.46 26698.87 27339.92 27970.44 28538.42 29005.99 29389.56 29618.70 29747.90 29853.01 29948.91 30049.38 30197.87 30466.32 30688.31 30800.89 30840.61 
31060.90 30107.50 28998.37 28033.60 27237.46 26610.83 26096.44 25797.22 25611.44 25687.91 26000.89 26365.76 26676.03 26930.59 27092.95 27141.14 27134.65 27106.68 27090.67 27140.51 27298.27 27508.35 27672.93 27769.13 
28443.00 27475.95 26417.43 25482.45 24736.32 24141.42 23662.59 23311.03 22954.41 23015.58 23046.50 23203.75 23362.66 23512.59 23660.66 23736.11 23751.71 23743.36 23737.99 23813.48 23996.28 24264.26 24528.12 24713.47 
26924.90 25953.75 25062.03 24431.45 23987.94 23671.20 23558.19 23897.47 24417.99 25094.95 25764.86 26387.78 26934.88 27411.26 27716.83 27924.91 28134.98 28338.00 28524.29 28673.17 28839.57 29052.20 29230.87 29274.52 
30556.10 29484.70 28473.83 27668.45 27060.58 26631.55 26422.17 26693.44 27288.28 28001.59 28732.92 29420.62 30000.70 30488.41 30801.21 31009.54 31210.86 31401.66 31588.37 31795.35 32071.75 32340.78 32489.83 32534.19 
31869.40 30558.35 29434.03 28577.10 27909.06 27424.58 27171.13 27376.05 27921.52 28614.63 29339.25 30010.27 30578.86 31049.15 31336.75 31520.32 31693.30 31857.13 32043.19 32280.81 32577.42 32836.01 32973.87 33017.01 
31408.60 30228.50 29163.77 28326.22 27696.20 27235.08 26997.56 27219.95 27755.24 28439.54 29150.44 29815.65 30379.07 30848.56 31143.23 31332.57 31509.50 31675.08 31849.13 32047.33 32321.55 32577.94 32717.43 32761.45 
31856.60 30615.95 29528.33 28660.92 28010.76 27525.15 27281.80 27511.88 28069.76 28747.01 29425.04 30046.83 30548.48 30958.15 31198.23 31340.31 31466.34 31579.13 31706.54 31887.29 32123.93 32335.39 32449.84 32485.53 
31438.10 30409.65 29278.00 28291.50 27475.60 26833.87 26305.81 25992.14 25808.92 25875.24 26182.05 26543.20 26845.49 27092.81 27248.78 27295.69 27287.10 27258.07 27248.84 27324.23 27502.35 27720.02 27881.40 27980.97 
29883.00 28841.70 27814.30 26838.47 26017.12 25343.20 24795.19 24392.14 24028.67 23802.20 23823.95 23979.62 24144.95 24303.14 24455.89 24539.18 24563.34 24565.37 24584.17 24696.38 24887.95 25165.99 25428.62 25619.79 
29351.90 28539.40 27616.43 26845.40 26274.54 25866.73 25666.59 25964.11 26544.84 27245.82 27957.38 28633.49 29211.04 29704.42 30021.51 30243.74 30458.98 30669.59 30866.78 31052.60 31273.90 31533.62 31691.70 31725.93 
30804.60 29788.75 28786.43 27989.47 27377.82 26931.73 26711.47 26970.15 27550.19 28245.54 28954.21 29619.39 30183.07 30659.06 30965.05 31171.79 31372.86 31562.92 31743.76 31931.70 32186.50 32451.86 32604.79 32645.77 
30804.60 29788.75 28786.43 27989.47 27377.82 26931.73 26711.47 26970.15 27550.19 28245.54 28954.21 29619.39 30183.07 30659.06 30965.05 31171.79 31372.86 31562.92 31743.76 31931.70 32186.50 32451.86 32604.79 32645.77 
30924.80 29984.80 29021.20 28223.55 27619.20 27160.87 26928.77 27170.83 27733.63 28396.40 29061.89 29687.24 30203.15 30633.64 30899.75 31074.46 31239.06 31393.59 31543.04 31709.47 31909.69 32140.09 32277.96 32313.85 
30878.50 29883.90 28908.47 28087.75 27479.76 27018.27 26791.69 27036.94 27562.18 28207.86 28855.53 29445.63 29926.56 30321.17 30561.25 30707.24 30840.20 30960.20 31081.17 31223.75 31417.67 31626.49 31747.45 31778.36 
31060.90 30107.50 28998.37 28033.60 27237.46 26610.83 26096.44 25797.22 25611.44 25687.91 26000.89 26365.76 26676.03 26930.59 27092.95 27141.14 27134.65 27106.68 27090.67 27140.51 27298.27 27508.35 27672.93 27769.13 
29478.60 28412.40 27378.53 26422.28 25636.72 24989.82 24468.10 24091.40 23736.62 23528.90 23555.25 23717.22 23883.54 24043.79 24201.01 24289.26 24316.87 24317.71 24327.14 24422.58 24615.06 24896.10 25161.37 25349.66 
28757.50 27905.10 26990.87 26254.72 25695.80 25295.87 25114.79 25418.31 25969.42 26671.11 27380.66 28116.42 28689.90 29176.88 29486.83 29703.00 29909.82 30113.20 30300.68 30473.47 30662.74 30902.34 31065.73 31101.44 
29862.20 29057.35 28139.57 27372.33 26787.84 26355.17 26127.46 26400.25 26901.98 27548.04 28207.78 28819.62 29327.95 29755.44 30029.16 30210.99 30384.58 30546.96 30693.33 30822.99 30987.60 31214.36 31365.78 31396.41 
29711.90 28864.15 27956.40 27180.28 26596.78 26174.28 25965.51 26244.51 26726.13 27353.61 27992.43 28585.65 29079.99 29492.97 29756.10 29923.85 30081.82 30229.75 30362.98 30484.26 30659.26 30876.48 31021.35 31055.09 
31060.90 30107.50 28998.37 28033.60 27237.46 26610.83 26096.44 25797.22 25611.44 25687.91 26000.89 26365.76 26676.03 26930.59 27092.95 27141.14 27134.65 27106.68 27090.67 27140.51 27298.27 27508.35 27672.93 27769.13 
29081.50 28072.70 27073.70 26138.55 25371.00 24739.47 24228.63 23869.95 23517.54 23321.00 23351.62 23510.26 23681.43 23844.76 24003.49 24089.14 24112.40 24110.19 24108.09 24176.40 24343.51 24614.39 24881.08 25066.44 
28636.40 27769.90 26844.90 26018.70 25327.64 24748.75 24270.29 23956.67 23703.61 23638.78 23793.38 24050.98 24299.65 24518.68 24707.05 24805.46 24833.88 24640.42 24641.41 24695.28 24806.21 25028.92 25264.78 25415.78 
26992.40 26000.80 24989.23 24130.28 23458.14 22939.37 22538.54 22233.49 21933.17 22046.97 22125.02 22301.42 22472.68 22629.31 22775.73 22849.01 22788.11 22772.75 22751.97 22775.83 22883.52 23101.82 23372.83 23791.75 
27140.20 26195.90 25269.80 24509.65 23961.36 23553.63 23303.83 23359.90 23540.24 23930.05 24510.40 25003.02 25442.85 25825.56 26066.84 26221.05 26339.54 26433.18 26520.74 26611.54 26750.16 26958.01 27153.06 27238.67 
27849.10 26963.95 26085.27 25441.33 24963.38 24622.57 24492.93 24827.78 25311.92 25975.40 26649.46 27344.03 27911.85 28375.71 28697.67 28928.02 29152.82 29367.52 29507.74 29611.56 29697.50 29906.87 30085.67 30116.64 
29193.90 28321.95 27414.53 26661.47 26081.46 25657.68 25450.91 25742.17 26235.36 26883.64 27547.78 28182.17 28714.39 29167.80 29455.93 29647.30 29829.49 30001.27 30155.59 30288.04 30458.96 30690.27 30854.30 30887.89 
29188.40 28384.65 27477.73 26717.12 26148.34 25721.12 25507.14 25785.36 26272.56 26925.17 27596.56 28235.37 28777.88 29238.51 29530.47 29726.41 29913.56 30091.31 30251.17 30391.08 30561.42 30786.34 30943.33 30975.03 
28713.00 27816.90 26926.80 26217.35 25674.46 25279.68 25214.41 25510.94 25995.16 26638.21 27288.66 27905.67 28430.58 28879.30 29161.35 29348.31 29524.79 29691.62 29789.14 29916.43 30082.56 30298.31 30460.85 30497.29 
29333.20 28506.55 27539.37 27013.05 26321.22 25765.40 25303.06 25042.53 24886.46 24993.12 25244.27 25619.98 25943.08 26209.17 26385.31 26445.86 26445.18 26348.61 26326.67 26339.06 26435.98 26614.58 26786.62 26876.55 
26940.80 26013.40 25030.00 24191.00 23534.90 23010.38 22603.39 22297.10 22001.46 22046.97 22125.02 22301.42 22472.68 22629.31 22775.73 22849.01 22788.11 22772.75 22751.97 22775.83 22883.52 23101.82 23372.83 23791.75 
25783.80 24992.95 24085.50 23453.92 22991.18 22707.45 22650.47 22985.08 23513.02 24191.04 24872.65 25504.12 26064.65 26554.61 26917.87 27334.89 27556.32 27760.04 27943.17 28082.65 28218.88 28401.17 28694.30 28743.72 
27223.00 26300.60 25464.83 24860.20 24425.88 24118.92 24004.03 24327.41 24816.52 25472.54 26113.10 26718.28 27253.34 27717.92 28009.10 28211.42 28420.10 28617.43 28795.83 28920.32 29032.58 29176.56 29338.29 29366.97 
27223.00 26300.60 25464.83 24860.20 24425.88 24118.92 24004.03 24327.41 24816.52 25472.54 26113.10 26718.28 27253.34 27717.92 28009.10 28211.42 28420.10 28617.43 28795.83 28920.32 29032.58 29176.56 29338.29 29366.97 
27345.00 26405.60 25581.47 24987.78 24552.08 24241.45 24121.61 24422.10 24897.29 25542.47 26177.69 26776.01 27253.34 27717.92 28009.10 28211.42 28420.10 28617.43 28795.83 28920.32 29032.58 29176.56 29338.29 29366.97 
27310.20 26405.10 25576.17 24963.90 24520.22 24214.63 24094.50 24391.12 24862.67 25500.92 26131.10 26722.67 27239.30 27688.72 28043.25 28244.01 28445.78 28635.15 28805.16 28921.81 29025.29 29176.56 29338.29 29366.97 
27716.70 26935.85 26040.23 25391.97 24785.82 24280.52 23865.49 23642.06 23496.41 23583.69 23932.25 24286.18 24598.58 24867.51 25072.41 25173.69 25208.36 25310.14 25310.40 25328.89 25407.02 25586.82 25787.46 25895.55 
26201.50 25305.40 24657.70 23832.85 23184.24 22676.88 22280.87 21980.34 21684.81 21735.65 21815.81 21996.42 22171.55 22330.17 22480.51 22554.61 22788.11 22772.75 22751.97 22775.83 22883.52 23101.82 23372.83 23791.75 
25546.40 24567.45 23688.27 23064.10 22608.62 22324.28 22263.17 22582.59 23217.36 23872.79 24547.80 25179.09 25742.82 26235.77 26644.23 27052.81 27277.57 27485.01 27669.79 27811.15 27954.69 28152.67 28436.83 28496.65 
27150.30 26247.45 25402.53 24793.55 24373.42 24079.58 23960.77 24265.97 24748.84 25408.96 26059.64 26677.00 27226.98 27693.01 28002.50 28221.19 28449.59 28670.16 28869.32 28949.24 29028.73 29176.56 29338.29 29366.97 
27140.00 26221.65 25388.80 24791.22 24379.92 24088.57 23973.21 24265.97 24748.84 25408.96 26059.64 26677.00 27226.98 27693.01 28002.50 28221.19 28449.59 28670.16 28869.32 28959.19 29032.58 29176.56 29338.29 29366.97 
27150.30 26247.45 25402.53 24793.55 24373.42 24079.58 23960.77 24265.97 24748.84 25408.96 26059.64 26677.00 27226.98 27693.01 28002.50 28221.19 28449.59 28670.16 28869.32 28959.19 29032.58 29176.56 29338.29 29366.97 
27329.70 26399.45 25557.27 24949.47 24506.66 24196.23 24078.14 24391.89 24878.51 25532.12 26171.53 26772.22 27299.22 27757.83 28043.25 28244.01 28445.78 28635.15 28805.16 28921.81 29025.29 29176.56 29338.29 29366.97 
27716.70 26935.85 26040.23 25391.97 24785.82 24280.52 23865.49 23642.06 23496.41 23583.69 23932.25 24286.18 24598.58 24867.51 25072.41 25173.69 25208.36 24957.20 24955.99 24971.25 25032.90 25211.28 25423.87 25540.01 
26201.50 25305.40 24657.70 23832.85 23184.24 22676.88 22280.87 21980.34 21684.81 21735.65 21815.81 21996.42 22171.55 22330.17 22480.51 22554.61 22788.11 22772.75 22751.97 22775.83 22883.52 23101.82 23372.83 23791.75 
27009.80 26158.70 25274.53 24693.38 24128.22 23678.87 23331.00 23225.11 23214.78 23450.23 23912.03 24346.31 24727.95 25051.55 25288.73 25418.39 25489.84 25609.91 25673.02 25730.20 25818.96 25997.45 26198.16 26287.57 
26201.50 25305.40 24657.70 23832.85 23184.24 22676.88 22280.87 21980.34 21684.81 21735.65 21815.81 21996.42 22171.55 22330.17 22480.51 22554.61 22788.11 22772.75 22751.97 22775.83 22883.52 23101.82 23372.83 23690.21 
25347.10 24573.75 23679.13 23072.35 22633.90 22365.60 22331.64 22686.00 23217.36 23872.79 24547.80 25179.09 25742.82 26235.77 26634.21 27040.04 27271.44 27487.12 27679.27 27826.72 27974.21 28187.89 28499.14 28557.60 
27176.60 26275.55 25423.53 24803.85 24374.90 24074.20 23956.43 24266.31 24748.93 25407.91 26054.15 26668.69 27210.18 27682.20 27984.17 28196.99 28418.57 28629.95 28816.97 28949.24 29028.73 29176.56 29338.29 29366.97 
27310.20 26405.10 25576.17 24963.90 24520.22 24214.63 24094.50 24391.12 24862.67 25500.92 26131.10 26722.67 27239.30 27688.72 28043.25 28244.01 28445.78 28635.15 28805.16 28921.81 29025.29 29176.56 29338.29 29366.97 
28109.10 27401.25 26501.00 25391.97 24785.82 24280.52 23865.49 23642.06 23496.41 23583.69 23932.25 24286.18 24598.58 24867.51 25072.41 25173.69 25208.36 24957.20 24955.99 24971.25 25032.90 25211.28 25423.87 25540.01 
26201.50 25305.40 24657.70 23832.85 23184.24 22676.88 22280.87 21980.34 21684.81 21735.65 21815.81 21996.42 22171.55 22330.17 22480.51 22554.61 22788.11 22772.75 22751.97 22775.83 22883.52 23101.82 23372.83 23791.75 
25361.20 24661.95 23765.77 23149.10 22721.38 22459.25 22428.66 22801.28 23514.58 24199.46 24880.43 25521.10 26091.89 26588.25 26995.99 27411.78 27651.54 27873.78 28073.26 28217.62 28343.49 28459.75 28733.00 28779.68 
27157.40 26204.35 25362.93 24769.85 24371.18 24091.15 23982.26 24265.50 24738.44 25389.69 26038.01 26656.42 27208.85 27711.74 28028.34 28254.42 28486.93 28710.99 28869.32 28949.24 29020.12 29176.56 29338.29 29366.97 
27402.00 26407.10 25539.67 24926.80 24523.86 24211.80 24058.40 24240.24 24709.68 25365.41 26024.62 26655.47 27232.82 27724.91 28043.47 28270.78 28502.76 28726.59 28869.32 28949.24 29114.98 29274.79 29444.41 29476.80 
27376.60 26404.65 25527.97 24921.10 24511.06 24211.80 24025.40 24240.24 24709.68 25365.41 26024.62 26655.47 27240.62 27771.08 28097.85 28332.33 28568.63 28793.51 28941.66 29040.86 29244.12 29402.98 29576.65 29609.74 
27469.60 26461.30 25576.43 24969.92 24523.86 24211.80 24058.40 24362.41 24824.07 25477.86 26141.56 26733.78 27304.22 27724.91 28043.47 28270.78 28502.76 28726.59 28869.32 28949.24 29028.73 29304.75 29470.53 29499.91 
27900.20 27042.05 26124.17 25547.70 24936.38 24434.85 24031.40 23825.24 23705.54 23854.70 24112.69 24482.55 24808.29 25080.95 25277.77 25372.01 25401.95 25310.14 25310.40 25328.89 25407.02 25586.82 25787.46 25895.55 
26201.50 25305.40 24657.70 23832.85 23184.24 22676.88 22280.87 21980.34 21684.81 21735.65 21815.81 21996.42 22171.55 22330.17 22480.51 22554.61 22788.11 22772.75 22751.97 22775.83 22883.52 23101.82 23372.83 23791.75 
25349.40 24616.20 23743.30 23138.83 22712.72 22456.63 22425.34 22781.99 23514.58 24199.46 24880.43 25521.10 26091.89 26588.25 26900.29 27310.78 27546.32 27767.32 27963.42 28112.35 28256.61 28459.75 28733.00 28779.68 
27319.20 26390.05 25563.57 24961.03 24527.66 24225.58 24113.44 24390.65 24852.27 25481.65 26109.47 26702.08 27056.98 27505.74 27823.84 28028.46 28236.92 28432.17 28603.13 28723.85 28826.96 29012.89 29180.53 29215.49 
27444.20 26458.85 25564.73 24964.22 24520.02 24211.80 24058.40 24240.24 24709.68 25365.41 26024.62 26655.47 27240.62 27724.91 28043.47 28270.78 28502.76 28726.59 28869.32 29040.86 29127.44 29280.74 29449.07 29480.29 
27377.50 26382.75 25505.77 24904.40 24494.34 24211.80 24058.40 24337.85 24797.26 25447.54 26104.69 26728.40 27302.72 27724.25 28041.50 28267.56 28499.08 28721.00 28869.32 28949.87 29020.12 29176.56 29338.29 29366.97 
27458.30 26522.35 25636.70 25023.92 24626.44 24456.85 24482.54 24836.53 25300.18 25950.18 26620.65 27317.03 27874.72 28350.88 28673.78 28909.71 29138.31 29357.04 29494.33 29608.40 29878.19 30063.35 30235.03 30267.43 
28704.40 27829.80 26875.77 26101.60 25467.12 24942.40 24508.31 24268.33 24120.32 24231.65 24460.84 24842.13 25177.52 25461.53 25664.93 25762.12 25800.11 25999.16 26002.25 26018.89 26095.25 26280.60 26473.07 26569.11 
26201.50 25305.40 24657.70 23832.85 23184.24 22676.88 22280.87 21980.34 21684.81 21797.56 21876.45 22056.91 22236.05 22400.41 22554.05 22633.42 22788.11 22772.75 22751.97 22775.83 22883.52 23101.82 23372.83 23791.75 
26159.60 25404.20 24531.63 23935.60 23522.40 23264.48 23212.11 23525.12 24228.79 24914.36 25598.17 26247.44 26830.46 27357.06 27697.51 28080.30 28322.53 28555.13 28710.55 28806.83 28938.94 28922.81 29294.13 29335.13 
27444.20 26458.85 25564.73 24964.22 24511.06 24211.80 24058.40 24240.24 24709.68 25365.41 26024.62 26655.47 27240.62 27724.91 28043.47 28270.78 28502.76 28726.59 28869.32 29040.86 29127.44 29418.20 29589.75 29620.38 
27444.20 26458.85 25564.73 24964.22 24520.02 24284.75 24167.79 24344.29 24805.70 25459.13 26120.61 26734.15 27324.32 27771.08 28097.85 28332.33 28568.63 28793.51 28941.66 29040.86 29244.12 29553.42 29732.03 29765.78 
27502.30 26519.00 25633.30 25037.38 24588.76 24294.90 24167.79 24362.41 24824.07 25477.86 26141.56 26655.47 27240.62 27771.08 28097.85 28332.33 28568.63 28793.51 28941.66 29040.86 29244.12 29402.98 29576.65 29609.74 
27436.50 26458.90 25579.13 24964.10 24523.86 24211.80 24058.40 24325.56 24791.26 25446.11 26103.37 26728.77 27281.37 27770.75 28082.93 28309.53 28529.95 28738.68 28847.91 28939.81 29028.73 29176.56 29338.29 29366.97 
27900.20 27042.05 26124.17 25442.88 24837.18 24327.98 23916.86 23698.79 23568.02 23686.33 23932.25 24286.18 24598.58 24867.51 25072.41 25173.69 25208.36 25310.14 25310.40 25328.89 25407.02 25586.82 25787.46 25895.55 
26201.50 25305.40 24657.70 23832.85 23184.24 22676.88 22280.87 21980.34 21684.81 21735.65 21815.81 21996.42 22171.55 22330.17 22480.51 22554.61 22788.11 22772.75 22751.97 22775.83 22883.52 23101.82 23372.83 23690.21 
25361.20 24616.20 23743.30 23138.83 22712.72 22456.63 22425.34 22781.99 23504.52 24189.99 24871.48 25516.19 26091.14 26590.44 27001.62 27411.78 27651.54 27873.78 28073.26 28217.62 28343.49 28459.75 28733.00 28779.68 
27268.10 26277.60 25414.77 24818.10 24418.54 24160.63 24058.40 24240.24 24709.68 25365.41 26024.62 26655.47 27231.33 27711.74 28028.34 28254.42 28486.93 28710.99 28869.32 28949.24 29028.73 29176.56 29338.29 29366.97 
